252
2
10
21
24
28
32
33
38
46
47
51
54
56
57
63
65
67
68
69
73
74
76
79
80
83
85
86
90
99
104
106
109
112
115
116
118
121
125
128
131
137
139
146
157
159
161
166
169
174
177
182
187
191
192
193
198
209
212
216
226
230
236
241
242
244
245
249
256
257
261
262
263
264
268
272
273
275
278
284
286
300
301
304
305
308
309
310
311
314
322
324
326
331
333
337
338
339
343
344
345
346
351
362
366
369
379
380
389
392
398
400
404
405
411
413
420
423
425
427
429
438
439
440
442
455
459
461
462
468
470
476
481
482
486
490
494
502
506
509
511
513
515
522
526
528
530
531
532
534
535
536
541
542
555
557
560
565
574
582
585
586
593
598
602
603
608
611
613
618
620
624
631
632
634
636
638
639
647
648
651
660
661
663
664
672
682
683
685
686
690
692
695
698
699
700
705
716
719
725
727
734
738
740
742
746
751
752
756
764
768
773
778
781
782
783
789
794
796
798
799
800
810
817
820
821
824
825
831
833
836
841
843
845
847
852
853
858
859
861
864
867
869
870
874
877
880
882
883
887
888
891
903
252
173
181
174
67
215
176
179
179
204
35
197
145
196
43
152
30
102
96
190
157
96
162
120
43
13
160
33
144
35
65
166
13
213
161
96
45
114
79
128
35
46
103
72
111
215
50
123
101
191
143
75
62
190
72
56
200
209
66
177
176
134
66
86
144
215
53
195
179
186
42
179
157
55
55
92
205
103
186
16
114
105
50
146
57
167
66
150
206
97
56
76
84
172
137
146
192
110
16
63
212
88
43
190
43
94
25
36
22
215
49
24
52
58
96
54
124
99
81
133
51
143
49
173
155
139
53
52
85
46
139
52
26
161
165
9
188
120
28
162
153
54
77
34
44
97
160
161
55
165
192
189
212
116
206
160
176
110
19
75
164
199
121
157
107
17
104
158
209
88
123
110
28
182
47
179
212
77
121
23
49
74
128
113
176
31
75
187
16
119
125
31
174
196
25
176
125
195
130
209
114
155
137
157
77
73
64
78
33
184
8
144
37
60
158
18
187
163
85
155
55
197
70
148
117
185
137
17
197
191
128
18
28
75
184
161
96
124
66
52
162
145
161
138
32
148
105
181
109
39
67
127
167
