853
36
56
136
312
356
393
439
500
558
585
609
639
721
762
823
842
863
867
888
929
947
972
1023
1103
1140
1141
1144
1185
1211
1248
1282
1360
1389
1468
1549
1557
1565
1664
1719
1740
1781
1786
1803
1874
1891
1912
1943
1946
1965
1971
1984
2014
2040
2075
2086
2161
2213
2217
2220
2281
2355
2361
2463
2501
2503
2532
2540
2648
2682
2708
2888
2977
3071
3147
3246
3254
3355
3358
3396
3409
3421
3562
3591
3648
3652
3789
3799
3808
3824
3827
3838
3874
3887
3900
3920
3921
3932
4082
4165
4232
4270
4330
4437
4468
4494
4509
4522
4527
4552
4600
4607
4750
4767
4816
4861
4873
4908
4938
4948
4967
5007
5078
5122
5250
5330
5382
5414
5525
5665
5748
5783
5787
5844
5865
5918
5990
6016
6081
6100
6235
6264
6313
6359
6366
6446
6578
6664
6687
6740
6755
6781
6813
6853
6868
6888
6952
7024
7091
7172
7200
7331
7345
7440
7479
7569
7581
7731
7790
7833
7932
7933
7948
7958
7970
8060
8144
8183
8254
8263
8298
8309
8359
8494
8525
8570
8601
8613
8616
8662
8667
8719
8768
8770
8778
8980
8984
9035
9047
9055
9121
9179
9224
9233
9234
9320
9423
9438
9471
9512
9534
9546
9563
9568
9616
9619
9898
9923
9941
9966
10167
10198
10199
10241
10268
10360
10391
10405
10407
10607
10611
10719
10782
10914
10953
10966
11020
11026
11064
11114
11145
11182
11329
11339
11412
11586
11603
11636
11717
11790
11880
11920
11949
11999
12076
12221
12269
12293
12340
12347
12413
12438
12462
12465
12527
12576
12705
12712
12831
12845
12917
12950
13041
13077
13159
13189
13211
13212
13218
13257
13355
13513
13533
13697
13725
13809
14012
14121
14169
14184
14221
14235
14238
14239
14278
14345
14427
14463
14508
14627
14745
14770
14864
14906
14993
15052
15056
15068
15139
15182
15361
15373
15416
15428
15443
15500
15589
15615
15628
15820
15890
15896
15920
15941
15962
15984
16024
16067
16137
16140
16267
16322
16329
16343
16384
16399
16433
16502
16692
16743
16746
16830
16837
16843
16849
16870
16876
17090
17092
17154
17158
17213
17223
17296
17304
17314
17347
17375
17408
17409
17430
17468
17593
17599
17646
17717
17718
17757
17770
17840
17868
17944
18044
18054
18136
18153
18167
18252
18288
18324
18377
18397
18421
18513
18524
18639
18645
18660
18712
18778
19108
19259
19268
19301
19370
19484
19598
19725
19775
19794
19798
19879
19934
19979
19995
20045
20091
20106
20134
20230
20280
20327
20382
20539
20552
20608
20689
20702
20897
20913
20996
21004
21069
21078
21196
21245
21286
21393
21467
21621
21716
21771
21869
21986
21999
22084
22290
22296
22334
22387
22416
22438
22477
22490
22493
22570
22601
22712
22723
22740
22750
22833
22987
23068
23134
23138
23241
23275
23295
23331
23459
23528
23565
23596
23619
23642
23712
23785
23805
23877
23907
23965
24031
24046
24357
24520
24551
24560
24573
24625
24665
24711
24886
24887
24908
25082
25146
25261
25267
25293
25296
25308
25406
25601
25780
25919
25942
25987
26050
26051
26056
26122
26382
26542
26564
26623
26802
26807
26825
26840
26925
27007
27245
27305
27329
27350
27431
27483
27506
27595
27621
27802
27885
27970
28006
28015
28063
28067
28107
28161
28252
28284
28286
28291
28317
28328
28346
28372
28425
28489
28549
28552
28567
28663
28729
28863
28972
29014
29084
29197
29225
29309
29338
29344
29347
29365
29490
29607
29672
29675
29690
29831
29899
29997
30018
30020
30052
30078
30111
30141
30148
30303
30388
30434
30452
30470
30552
30585
30612
30696
30792
30826
30828
30861
30868
30978
31023
31104
31120
31158
31260
31285
31408
31478
31522
31551
31558
31632
31694
31755
31852
31893
32011
32318
32333
32412
32416
32448
32482
32700
32814
32874
32905
32966
32992
33047
33062
33158
33187
33309
33380
33407
33551
33556
33593
33630
33703
33792
33812
34028
34079
34082
34140
34181
34218
34254
34259
34305
34319
34390
34641
34686
34746
34801
34815
34824
34859
34910
34949
34950
35132
35162
35177
35358
35421
35553
35566
35571
35574
35593
35735
35753
35896
35911
35941
36024
36087
36100
36134
36196
36251
36258
36316
36353
36461
36556
36583
36715
36754
36793
36798
36832
36887
37024
37048
37115
37160
37199
37390
37525
37617
37635
37672
37867
38020
38039
38151
38224
38350
38367
38419
38421
38444
38456
38485
38745
38757
38888
39041
39082
39125
39210
39220
39224
39302
39332
39346
39382
39505
39548
39604
39609
39737
39747
39794
39825
39884
39978
39983
39987
40062
40127
40166
40220
40262
40344
40370
40564
40588
40771
40782
40829
40848
40857
40858
40859
40878
41059
41182
41466
41523
41557
41603
41616
41623
41631
41680
41738
41863
41912
41988
42004
42095
42098
42212
42309
42354
42362
42422
42428
42519
42545
42630
42686
42713
42811
42865
42994
43012
43020
43054
43127
43138
43163
43169
43199
43221
43247
43327
43359
43424
43474
43509
43686
43802
44019
44198
44259
44313
44402
44505
44631
44665
44736
44745
44772
44799
44881
44925
44942
45035
45076
45127
45137
45684
45755
45758
45795
45813
45921
45957
46082
46083
46178
46180
46230
46259
46355
46472
46479
46501
46517
46548
46608
46723
46759
46765
46788
46813
46846
46874
46913
46914
47031
47053
47064
47182
47231
47256
47266
47282
47295
47317
47437
853
41384
33134
962
33521
1399
18923
36637
40198
41005
15082
3528
23455
48231
11844
32308
49161
46187
9764
46350
16081
14572
30680
12254
32791
27777
12349
48714
20391
38229
14572
45847
38417
35246
11838
26880
46118
26574
12997
29598
26858
20666
19730
37159
14906
29791
40405
19957
33439
7385
49041
9270
37596
9602
31480
38242
45255
15339
15240
39795
46243
48538
40259
49615
21231
9748
979
16827
18258
3030
7639
39612
41717
39055
989
40733
23540
19795
13244
33846
22303
25479
35701
39455
27174
36680
28855
22929
24117
19084
431
30958
21860
32370
9240
11933
34372
47241
48526
1865
1489
498
39155
50008
32411
29886
33095
9755
32120
38074
19934
39852
49725
31761
26204
25653
49423
29069
4337
31337
42213
32363
7879
18110
44676
24514
40543
40443
47321
41001
37050
4955
23938
23594
3842
14396
32419
20956
1730
454
33199
38158
6601
7249
34100
25142
46176
11644
44114
48388
4300
37098
4796
12554
44252
43398
29806
10903
37132
10542
39239
38206
50693
40258
27508
477
21040
13880
14594
31633
33144
33605
30111
38034
31026
36405
1446
6732
4379
22175
31834
3456
25232
2963
3106
1457
5741
24282
47383
22597
16791
8659
4870
1140
21343
31650
46346
251
46288
47099
10545
7310
12338
21816
38334
34339
9038
15980
19175
22734
20228
11048
32516
39188
5349
2170
27092
39283
24574
24700
43800
10716
27492
10227
44370
28398
31352
14145
44501
25655
19791
28972
827
1435
42443
28795
38506
21150
23065
25254
31774
929
17936
45031
13412
32073
17107
2022
825
30710
28537
23468
11264
3516
14778
1888
2109
35462
30053
50017
29475
37807
46022
23046
1732
17572
23615
39016
6361
4015
9461
36525
7361
25563
18701
9630
11806
24494
45819
4315
42299
22034
43901
21437
47268
13507
4265
6670
11902
11074
22742
17752
20923
26231
13337
39689
33889
13932
33466
16214
12296
39827
25352
7531
45490
50086
21071
12064
12861
30653
15447
13903
10279
6075
45509
13510
4264
3400
6453
14408
39389
24371
15066
48570
26945
34849
42654
43901
533
24205
15048
4703
1715
5397
1966
25999
28038
10383
49353
36047
45453
44848
33460
22597
41083
4163
16439
3618
2860
28687
38095
10837
11784
5274
45954
8064
2133
18199
16988
48117
562
9356
32457
48006
39547
34512
44181
5201
24831
47068
46328
29144
10107
44569
6016
41912
15990
34039
49072
12092
49577
1264
29962
32990
24971
28727
7264
36619
43941
46753
45131
15855
10223
17135
640
9493
25665
36910
24341
4390
38625
16837
37188
38641
28739
40792
3409
25127
44212
43400
29479
42445
11805
25702
32648
21316
21610
26984
21172
5564
5654
3734
36684
26922
10362
13476
20081
30132
10741
35938
4043
886
10650
31997
9861
27677
8831
4274
23940
32991
50258
48856
1991
40080
6824
43600
35645
16042
26165
9278
47074
40039
41384
25807
43743
22483
42532
10432
4072
4366
36857
27656
19574
40318
47692
16867
1527
6896
45375
49506
5895
5824
46197
22317
45364
9380
37670
21988
14238
43143
24942
15643
35196
4604
45941
22234
22119
37034
16680
29642
46519
40170
12609
48877
42847
31057
50175
50474
4448
28431
38536
16337
3591
18149
3938
43068
329
6658
45743
1045
47685
46232
9284
46438
22451
1536
49188
49899
23820
17077
45035
38677
27067
36020
21191
10988
777
37186
15681
42059
50689
10491
8563
50111
50350
39959
25660
4750
20461
48260
40219
40856
49307
25909
32472
43937
8371
30877
1305
9068
20550
17470
37952
24947
22786
27182
18988
49202
5091
44270
12721
26963
27429
13954
46992
10044
30146
3825
50533
43527
30022
48984
11782
33116
9426
880
25650
18550
9080
3580
40373
18177
49098
49503
10405
34623
16857
43409
37032
39985
42016
8462
48628
39772
48088
23911
39998
11167
20082
7839
26431
6164
47438
8040
29592
10472
8962
24463
19044
7520
17284
48948
47841
24347
33532
1193
47195
32662
17098
1279
21435
43765
35677
24843
11488
32425
43234
20166
10113
14326
10740
26258
33059
7880
41969
12763
28460
35481
7403
25943
48145
34255
6906
31821
6957
35791
43765
13829
26534
2719
43094
24277
38945
45138
46043
48740
30343
3570
30321
28547
16549
18248
25691
12228
28036
29330
48278
28590
17136
48864
15749
10641
31183
17237
17414
42926
6430
6105
39438
45393
22101
36240
41293
11210
22145
1386
11947
32775
27330
4644
39174
6993
1538
23112
42492
44960
10834
21785
41541
27757
17822
25235
2297
48325
44978
29099
17437
15372
41966
33724
29246
41111
29425
35101
24369
47543
5868
17489
4839
15815
36078
5836
30075
6889
42911
46273
2745
38414
37311
14948
5718
5212
10230
7092
17407
18175
37333
14359
8839
18600
7680
31073
17805
16486
30684
20518
23730
30115
45953
46942
7875
3395
31222
8000
9073
13176
11238
45614
29436
21792
6816
23630
16348
22893
2008
34390
9181
43027
11163
27555
16485
16677
4221
46754
50667
33643
34842
10648
24364
41901
24255
16521
37263
49198
35446
37028
33652
41654
7966
5141
45718
20763
2163
9441
15769
39632
8541
50092
15639
11181
13970
3231
45141
25018
6364
39258
21634
27822
15123
8275
10894
14057
47364
3020
27517
45613
38764
39928
22564
1814
32460
630
21321
22982
30851
25901
17260
607
6895
1907
11278
6053
18274
43081
7845
34302
33795
42111
21727
1941
48762
14896
37097
11945
10541
47235
16132
12241
207
10027
9159
16943
36884
32435
