1118
13
80
90
170
200
265
292
312
348
365
406
430
433
439
476
487
491
499
510
563
573
586
587
589
596
662
695
733
750
764
765
776
792
794
801
804
812
843
883
885
908
909
923
956
997
1018
1042
1046
1065
1072
1078
1112
1127
1146
1152
1172
1195
1206
1209
1293
1295
1337
1342
1375
1391
1418
1428
1477
1478
1504
1508
1532
1585
1620
1663
1680
1691
1696
1803
1804
1829
1847
1848
1851
1855
1892
1919
1948
1970
1996
2022
2033
2043
2050
2058
2059
2063
2070
2104
2157
2212
2214
2230
2250
2252
2258
2261
2264
2270
2301
2318
2331
2334
2335
2369
2376
2407
2441
2449
2518
2546
2556
2557
2599
2605
2606
2635
2667
2677
2751
2788
2816
2837
2860
2888
2915
2945
2973
2974
2978
2985
2996
3042
3072
3084
3086
3104
3113
3115
3116
3136
3138
3143
3160
3164
3220
3242
3266
3272
3285
3286
3321
3326
3330
3333
3366
3374
3379
3395
3397
3408
3427
3428
3429
3439
3465
3481
3482
3514
3524
3552
3581
3610
3637
3638
3642
3643
3648
3688
3716
3718
3727
3742
3763
3765
3779
3799
3809
3831
3864
3875
3902
3922
3929
3946
3968
3993
4006
4015
4017
4018
4029
4045
4053
4057
4066
4072
4121
4123
4139
4140
4146
4181
4231
4234
4244
4256
4293
4308
4360
4370
4414
4434
4495
4502
4537
4570
4581
4593
4600
4601
4612
4626
4627
4629
4649
4653
4654
4669
4694
4713
4735
4757
4777
4794
4805
4807
4838
4860
4891
4902
4923
4932
4942
4960
4984
5003
5047
5094
5116
5134
5137
5151
5160
5177
5209
5248
5280
5289
5313
5355
5371
5425
5433
5458
5464
5481
5485
5496
5546
5567
5586
5607
5620
5623
5659
5680
5719
5771
5779
5785
5798
5812
5826
5856
5877
5913
5924
5940
5966
6002
6069
6080
6083
6095
6100
6104
6124
6130
6132
6143
6144
6192
6216
6219
6231
6252
6257
6272
6313
6369
6376
6396
6423
6445
6451
6464
6486
6516
6558
6625
6709
6716
6737
6778
6779
6807
6812
6828
6864
6903
6922
6925
6948
6949
6988
7015
7032
7052
7120
7133
7142
7147
7157
7169
7174
7185
7186
7201
7209
7219
7254
7255
7294
7297
7326
7366
7399
7404
7425
7432
7433
7434
7448
7449
7452
7457
7488
7489
7497
7499
7542
7610
7633
7636
7649
7671
7691
7694
7715
7738
7746
7790
7826
7903
7922
7934
7990
8018
8026
8038
8058
8080
8099
8115
8122
8128
8144
8145
8157
8193
8206
8210
8211
8220
8233
8257
8263
8264
8278
8287
8306
8317
8321
8326
8330
8332
8340
8412
8429
8432
8451
8457
8467
8488
8501
8569
8585
8614
8623
8634
8641
8661
8687
8736
8740
8756
8785
8808
8836
8841
8846
8855
8860
8867
8885
8890
8920
8945
8957
8974
9029
9032
9036
9045
9048
9093
9133
9159
9170
9215
9318
9322
9364
9373
9379
9381
9385
9419
9424
9450
9474
9477
9484
9501
9518
9556
9609
9628
9631
9679
9689
9700
9707
9727
9728
9742
9777
9778
9783
9797
9800
9801
9807
9829
9859
9863
9875
9884
9937
9965
9967
9987
10029
10046
10053
10074
10083
10131
10138
10195
10222
10239
10244
10260
10296
10314
10328
10338
10344
10346
10364
10395
10438
10462
10467
10501
10505
10510
10539
10548
10574
10576
10609
10624
10628
10670
10677
10679
10732
10745
10816
10821
10832
10866
10875
10886
10904
10905
10906
10921
10924
10929
10942
10962
10964
10973
10989
11004
11006
11040
11080
11100
11112
11115
11138
11159
11211
11233
11267
11276
11285
11289
11290
11316
11320
11373
11412
11436
11461
11465
11480
11481
11484
11510
11512
11518
11519
11562
11583
11623
11635
11666
11693
11733
11750
11771
11819
11843
11849
11870
11879
11916
11920
11925
11927
11974
11989
11992
11993
12013
12036
12046
12071
12075
12077
12105
12142
12158
12169
12217
12237
12245
12257
12265
12273
12282
12294
12331
12341
12395
12396
12452
12466
12474
12536
12566
12604
12612
12620
12623
12624
12633
12715
12724
12800
12859
12907
12929
12951
12954
12956
12990
12992
13005
13013
13045
13054
13086
13159
13172
13176
13200
13202
13210
13260
13298
13324
13329
13338
13353
13356
13360
13374
13376
13390
13404
13412
13417
13437
13443
13482
13489
13492
13501
13510
13513
13562
13651
13661
13680
13693
13699
13724
13726
13739
13766
13809
13822
13865
13870
13951
13986
13991
13997
14001
14020
14025
14038
14042
14073
14118
14122
14125
14128
14170
14178
14180
14240
14244
14269
14351
14374
14392
14398
14421
14438
14446
14493
14494
14499
14533
14560
14597
14603
14616
14648
14653
14688
14696
14704
14724
14738
14744
14749
14769
14774
14775
14801
14831
14841
14867
14885
14985
15001
15013
15052
15083
15091
15094
15111
15112
15119
15135
15159
15161
15170
15191
15205
15226
15266
15314
15324
15327
15347
15361
15370
15380
15394
15414
15424
15432
15440
15461
15500
15519
15533
15559
15571
15591
15615
15621
15635
15647
15686
15691
15762
15808
15832
15852
15859
15860
15868
15885
15896
15898
15932
15938
15961
15962
15973
16011
16032
16062
16091
16104
16122
16135
16187
16220
16234
16235
16257
16314
16337
16343
16355
16359
16390
16393
16401
16406
16408
16440
16532
16535
16551
16552
16560
16580
16591
16608
16651
16661
16675
16688
16690
16724
16737
16754
16780
16795
16820
16822
16829
16856
16862
16876
16907
16910
16943
16961
16966
17026
17060
17071
17076
17082
17116
17123
17124
17127
17145
17146
17150
17176
17221
17251
17294
17317
17377
17475
17477
17488
17490
17509
17556
17569
17576
17584
17592
17594
17604
17659
17663
17675
17690
17700
17710
17761
17781
17840
17850
17867
17875
17894
17922
17930
17940
17944
17951
17965
17969
17983
17987
17991
18022
18049
18061
18071
18085
18170
18175
18176
18213
18219
18223
18253
18254
18269
18285
18317
18326
18352
18360
18387
18420
18463
18468
18470
18496
18512
18528
18558
18581
18585
18600
18645
18646
18666
18675
18683
18711
18733
18739
18765
18767
18775
18820
18837
18843
18880
18893
18896
18976
18992
18994
18998
19012
19033
19060
19088
19116
19135
19171
19295
19322
19331
19346
19353
19388
19392
19403
19429
19469
19478
19482
19504
19521
19526
19532
19563
19571
19573
19608
19626
19668
19683
19691
19695
19704
19707
19717
19726
19741
19822
19859
19891
19892
19909
19918
19952
19979
19986
19994
20005
20029
20036
20055
20071
20074
20080
20086
20096
20109
20162
20205
20218
20271
20282
20306
20327
20331
20341
20392
20414
20417
20434
20439
20451
20497
20532
20533
20593
20603
20643
20654
20657
20663
20678
20696
20706
20707
20708
20709
20715
20740
20743
20761
20764
20776
20779
20784
20811
20821
20860
20868
20874
20885
20898
20902
20921
20935
20953
20973
20974
20976
20992
21014
21016
21017
21024
21062
21135
21138
21141
21144
21196
21214
21219
21253
21277
21278
21282
21285
21287
21309
21314
1118
12847
31525
24318
63888
53528
31690
64505
20355
78950
70477
68100
68874
80328
5868
44437
77794
6357
36191
42881
27231
73785
413
37234
38980
12469
46401
4981
1728
71958
796
57749
27669
66795
37833
48305
26313
81200
34311
32660
80178
14057
18094
18171
13028
70246
80009
12328
33435
11298
44679
36021
58445
67272
71476
45303
66742
75402
74783
41748
83897
21205
4394
19119
16994
79722
47527
70835
18650
35785
12979
7693
71852
50614
8572
25008
67922
44047
42587
79541
57637
13134
50815
61581
17013
7860
31626
43701
11749
78071
71050
79271
48143
20042
80717
11330
64494
29512
44905
86
50004
67297
9990
10121
49217
5598
60289
69057
64070
39264
61427
75700
30256
80090
4628
61825
78887
41636
38408
51154
83472
42329
45
33330
11085
19511
47737
19484
21051
79578
21521
27742
76032
23837
40943
27419
80861
32284
24010
46210
30536
1814
2966
78945
40485
77555
84174
3654
83702
73342
71751
3730
59073
71502
10842
8621
58142
42231
37673
70317
6369
67152
12374
19606
20787
41728
13222
4479
63171
83225
11992
16676
52968
14549
45743
47450
5486
61981
18992
63012
52409
64821
72115
31315
9593
10132
14305
17159
28102
54992
14944
62796
11873
29510
63702
56044
33236
40852
42833
71646
59036
49183
59629
9399
14478
82710
69480
28193
29640
54290
51203
62717
42785
46714
53011
8493
24388
17154
45077
73582
72625
52917
74274
43795
34263
4968
58535
34315
57683
78478
75644
11936
68245
56711
67407
3486
83923
17897
17881
7471
55744
48545
33522
22491
34590
46408
21152
31714
36755
30529
67317
66186
49289
51535
7147
73195
81438
63187
62347
69999
36552
24196
4440
62382
15477
2503
42797
53623
77781
43544
65198
81393
78325
81754
43194
70147
66187
53751
53465
4627
12068
63357
3352
3355
45727
45696
4761
31436
43927
79203
5442
47848
57149
80468
6360
70408
16822
72653
52552
12643
22496
81129
76066
32498
60807
83051
69967
51932
25304
80376
6023
67982
26776
30381
4427
69644
44294
64246
6204
15407
1750
28352
54444
79276
73315
80078
61663
19589
16861
39223
44766
81183
2511
19480
75134
2690
12779
83695
547
81352
69548
32637
57896
15931
43957
15279
73188
2017
76704
70220
54304
21343
38770
84010
62875
68668
65087
64187
15350
58901
66877
43636
25752
2079
33663
1966
47768
325
77980
9327
20565
18789
27069
34142
3971
56034
6230
77235
48173
75472
32118
55336
15617
19501
42670
32576
543
67810
51480
10374
24370
65022
40038
1844
81159
6638
14457
40856
50303
48014
42513
20688
9411
72476
7972
19751
31441
40013
70828
27269
57761
73893
50359
6751
23598
67461
43188
58228
49632
41485
3771
42776
68335
73137
3244
3163
82918
15842
78459
82055
8600
37356
21452
20940
43395
83740
71947
25994
22988
35428
31810
56300
27860
58815
83674
25840
14124
30087
83207
5322
54178
55231
49870
43877
56826
2247
77164
82406
46278
29863
56643
7539
63411
79810
83424
22158
77489
11378
32046
66022
69745
73197
72375
27733
27223
78264
59276
37909
34860
34916
62546
39991
15412
80559
8773
35718
64968
75823
8933
71260
63721
51285
30368
33337
7317
75279
64946
49158
81486
8558
19483
79095
17241
3763
73916
82769
59156
8844
11071
52517
8633
1109
64203
55419
30343
13795
72895
17494
13194
32771
72711
73074
79100
72387
14764
52605
13525
54360
4889
70931
62146
28368
34163
35088
25983
23102
19203
2810
20823
22099
48532
7515
70708
42765
74139
68393
14522
58296
72667
16697
59267
84028
75606
42025
12724
60086
33353
23638
62448
65690
66245
47097
57878
1848
15096
13054
73590
56857
24819
56008
19049
84113
74986
49015
77331
52525
47121
78995
70079
57534
43266
76966
17647
78790
1991
25265
49460
77772
25051
45967
28556
75283
63120
81603
31791
8143
6855
73142
56527
17824
43664
38201
30759
61874
38984
51052
15339
76569
58910
1402
54273
31034
38256
23634
28442
83875
31841
11434
47404
69836
24870
76096
27721
251
50402
31937
11624
30028
15469
4928
17587
52266
46886
24405
42764
66142
55722
73090
16706
58984
1926
72983
816
79662
36545
10130
24201
2512
81528
20375
22919
71498
71235
50017
35772
75049
66955
14656
40564
38360
70662
74659
64248
34819
24466
70979
84043
36974
21734
35766
60884
75387
67078
31123
15734
19760
83295
81894
10331
81403
22467
43710
41314
36116
5373
72579
4190
61299
59604
58409
82405
50424
39941
41820
28623
410
30948
55032
78919
28626
33896
62633
5592
75589
76490
76847
52133
51848
23026
32767
30499
8358
65357
67193
37962
10169
18766
56391
8181
66705
73809
80234
13869
54431
29564
24953
31489
80798
41430
34483
83668
163
59504
57480
26949
2773
18966
48633
812
34610
83561
79114
41637
36156
21661
15437
25297
79193
47370
71083
40155
22386
31699
27904
8214
56126
22829
70252
13470
71626
72335
50162
19741
2475
6843
72758
63121
76072
77351
68160
20741
67281
80536
23565
49833
41993
43080
57081
17981
21958
68930
38518
62287
24186
33634
45603
55702
64442
78211
48725
35993
1255
42312
21030
39085
31103
55938
80775
12629
20617
16991
49998
24675
42918
81260
11002
42846
70990
29596
50157
30004
70773
29978
77008
35246
17568
37471
77494
15139
32861
31298
83482
60966
24651
31651
50483
4960
45247
75827
48640
45749
38886
4304
48454
3597
72381
80563
29762
27670
65556
62727
24979
31010
62110
83244
55968
55874
71779
77232
53762
56337
25691
71620
4676
31905
76364
35943
8667
30758
75908
18767
40173
73154
42152
76557
71236
20413
59933
37045
37986
70040
5779
60596
42059
33004
79997
3609
28959
45344
18944
15047
33987
81361
37940
18681
65570
10530
69395
69951
9520
5409
35088
64932
34676
78093
9331
21281
37352
36393
73170
19235
37478
3552
36533
28186
8969
26066
5153
47623
83291
36398
72756
52257
65572
25727
72440
14225
9798
40922
25807
36231
6817
35329
33425
54309
65218
61675
49828
40403
19760
34476
56653
60665
67842
44723
32424
24616
17740
30498
14857
30228
82718
73651
34244
57978
59648
38047
17115
53195
55327
79102
76886
71220
16333
38818
28578
74367
22498
33513
23098
60089
61985
15760
28116
47682
33438
67229
34325
38542
57273
17773
71004
51825
26748
67246
10092
72042
1044
43339
33426
47593
55146
29119
79306
60495
75122
20354
66111
20961
20067
32350
61081
31837
14830
53442
9119
27439
35751
79697
20717
16459
58665
67043
45703
11419
5261
80486
28662
42044
25983
12922
78369
36122
29108
51691
6882
22456
59066
57660
56447
23522
35555
38299
19740
2684
19571
5936
60122
51342
1800
52006
63939
74453
23982
33474
51367
61504
18349
41985
63997
70880
83951
12437
27183
11403
70131
64191
11222
43433
32091
43012
39588
53650
17800
68852
11046
35553
58931
66785
20864
55352
58061
58658
59476
69359
46911
65571
59577
40967
62594
70371
22302
11620
38378
27031
32439
45222
35020
10530
66785
37236
6933
81765
84261
20201
2743
23823
30565
40478
13315
66874
3452
63187
26049
42799
725
81147
54367
16866
10823
35921
43864
83375
71
15739
8309
46392
62944
78194
55015
47366
37693
53423
2988
49351
63066
60721
52719
15845
