30
24
7975111921738476175119784682730517031343417556185827097477660
12
4577713442928204221240630500434273276513725765180436599761725454991664156624343506177346428985
657502650405840348725063402687
859563244841601049986970594183389536
414665468629518480074379979435407983631513474
65434073063926668559822993452904549976574888
664123167053435531191289954752319822330158421176307456343949470375738
5780891774040504165559573422710378379546143215831306354828091338387352178490295325271855684819868
44032893012575194472930513509581086365699946
78
344447401973121441077768855432158702762861375430
684235100752110815577359844276924659182357568871521286361018621208416841520627779
20776899871102965542916990879
71969768656988184950143953932831028096871662400
40
4326199233064204211384966468656990709824142772215543160
83
5946738468402575349755420580509685280346199566292289921909251332882016947894645886770180208
56
469060656656232910709817
7188506116944602186406703713994392364976760342651211
81
3159963478742838720063646179183781
20
23
78
7232439641398759442400419301892207470534785770845087030182372792469415
89