30
24
8853809796999819553081530536664551032923824925883403586532490866171
79
370552162603
620562954930224
82
600274557350543599906319644025296435890525790
57
48293319951123209667565942167770510853968082502460337851369
37028205511331782040004901239154067889561694895211231832177093599299145427928469792
50
5250143854246603042970559344461796920317951713
21519694721187358160213119500832896755249389234042284605557551040637371421364969197579224090116
520213835129280498187624826932455476982494444406414497871486821561269620
89
57
55
72
867655913516774092977175630282279055548090887388795414299237666861535357
75
83
23879503715152819890348815450668156008670105588489715726264440357189146159827698761233179
55761599413340233112990335664615294365328853196637848074740124845491045831
13905902729315447
43
50589939463012263401606952352889737853991202721071351059484964858833134274567876921
6729568308906457902949537296719191269000912778790986
51781554784812034047425216204929199466935548741468102653295887818764470
85
30