31
8
86
656411992834780769
16
797428283417050169664035301
291980408812221272653210455978306606766749171310795237202791534316
43868777129190746666867112574182580480192224310976772496745185534692813255607614584953
83
73
18
8448486719387376743582010404904250098991820779343623144397709446477366668838892354781310
82
66779474231821129045812825048181651718431715857074577769465473851122988251046944391087145
8507918459233853433898
50920389229
55
89700340094344533824048032524
2674899409564019369510192517978637237199245848875
7796743832620192685579958636585267033346528850018868773558319155051
289590340650638323102631988931438487643620883718048413701624967827783165153747741
750873417676425329696060907660575764025
7554628914084603
70
406465225674529102995695275874146004547104578799108880439119843445809
74
73
6372102293456569445900412585925055285626161740884687648808591218738511139523514
78
69
6958729040045897120392645284681596368385589160804034210040409658
1754401212012072517