30
622410520951119659474260428645479810874889290178235653828802469540739
6937950733011840228264059488970355270344865961
89
8326288966858133604960747818014247087075760793355961936649640186005714
816
31297161019858518815822736359941172988010197969960644839784681998108221233129026382798786344456
2738942274596971991098863428982677664901572369589600696931951418196507974113383
5442
6404355784070689756889164529064324759449846126294802931315312964351497303136857449653914567753
61
5793
90
734002661316220907652172734045978390766117752852730257443077664696692205170375871098752269
33
7972466881952359320318263542560167625203400855787030059303872810
2441597595275247577363591311640574625406123670327373834188242491053515130717771629902
813567958122649999606578199211823399106918392393274133
26096371800731532
39
69
24
67
38510
67
353051260
869387581029398008288553704086691531482714843666616461944
6312
4056558584347213822383447
431464332182696
4614106357693696810676917933814268670505296578151430221916409045805875596473