22
7
8
1604744988347761125513191682299161757147083970002856195455984812117842662961981488
71
2732538560697761323204495
65093
1915311219106721256220190152093874435758860562
512224636790903079406376167829521965629498598017050
38513227391588060112183104921111084606
86706532765985296800913041501379949714991789430011314638800168054226
14
20
31701942278907939097362500335562553649076988871792748
391548020575414600789572595435554820642
6045284311329144218575
24
44985706370213539740382589254708019781328562917801031401548918019109251219622
836289880338568587607060470194619
26
13
66825394891690851323437048595845537068477859844979
62