32
7
8
275883747986428163619697219170016807191102974782354415368375399271990002499088335986614563
541402314539048058583662306080205645079732657672530019241149390
26
86
1569724
70
676068112429478675224691583144540167180622581548092671759363719856
55728199245264432607755337234
11495524461987642005700433356748809551919017072274766029365231231489500703622879567
8130884116740558565891222939632257437068735910986
7901242750073759220939480580676
49792067097584718901861842009966767085904663056948
23
45
7730547315033533291726310154799654828779293576
3828993214863771510997782837590493482735313700871872863046908267517980443814091400606923633651304
20
5796602616036735858413266591006
87
83561821200579
86628295305480234700084106484311074
12
17
86
54
4680480686892476900976
21
6881035815417193188
554765625933615
339705876839816672548265129936008978568361344121407224956861471381357115249674014758355